0 85 Guerry CODE_DE
01 39        0.719922544
01 38        0.865619695
01 69        0.743735737
01 71        0.972868786
02 51        0.913983071
02 08         1.08275898
02 77         1.12319553
02 60         1.14437208
02 59        0.951622842
03 42          1.1819102
03 58        0.788521999
03 63        0.669339277
03 18         0.96821575
04 05        0.557782382
04 83        0.664660335
04 84         1.07223301
05 04        0.557782382
05 38        0.914906153
05 26         1.10482671
07 84         1.05840414
07 26        0.738335454
07 30        0.797816079
07 48        0.955374065
07 43        0.724230427
07 69         1.13884778
07 42         1.00961254
08 55        0.968988142
08 51        0.778384249
08 02         1.08275898
09 31        0.547439643
09 82         1.18563544
09 81         1.08907742
09 66         1.06552875
09 11        0.928341709
10 89         0.75698505
10 52         1.08158373
10 51        0.649482118
10 21         1.07003786
11 09        0.928341709
11 81        0.726192412
11 66        0.515054151
11 34         1.06665996
11 12           1.207031
12 48        0.854450587
12 81        0.712940316
12 46         1.12673499
12 34        0.983754945
12 15        0.770321116
12 11           1.207031
13 83         1.16271115
13 84        0.475034037
13 26         1.13461736
13 30         1.01296817
14 61        0.684101053
14 53        0.996402419
14 50        0.966313408
15 48        0.987264249
15 43         1.13980887
15 46         1.14586037
15 19         0.84835478
15 63        0.822891502
15 12        0.770321116
16 24        0.816291613
16 17        0.881096006
16 33         1.18489359
16 86        0.884303112
16 79        0.986947658
16 87         1.04633412
17 16        0.881096006
17 33        0.961103417
17 85         1.08851888
17 79        0.853717709
18 36        0.959173641
18 41         1.19744944
18 58         1.01445513
18 23         1.08386937
18 45         0.85867956
18 03         0.96821575
19 24         1.16434222
19 46        0.781660911
19 87        0.836598235
19 23        0.746645575
19 15         0.84835478
21 52        0.821560653
21 10         1.07003786
21 39         1.15834362
21 71        0.813537213
22 56        0.596462185
22 29         1.20767693
23 36        0.817623293
23 87        0.808124945
23 19        0.746645575
23 63         1.17945284
23 18         1.08386937
24 47        0.788536991
24 16        0.816291613
24 82         1.15375445
24 46        0.988815278
24 87        0.929471422
24 19         1.16434222
25 88         1.03057739
25 70        0.549403222
25 68         1.14533564
25 39           0.795551
26 05         1.10482671
26 84        0.666203739
26 38        0.721502192
26 13         1.13461736
26 07        0.738335454
26 30         1.19241885
27 78         1.10016054
27 76        0.541843199
27 61        0.997561282
27 28        0.816183339
28 41        0.773351898
28 78        0.779985141
28 27        0.816183339
28 75         1.13112788
28 45         1.08412172
29 22         1.20767693
30 84        0.997236184
30 13         1.01296817
30 26         1.19241885
30 07        0.797816079
30 48        0.858497838
30 43         1.19434146
30 34        0.911130132
31 32        0.795523673
31 65         1.05636965
31 82        0.734661829
31 09        0.547439643
31 81          1.0785133
32 47        0.675034766
32 65        0.701715527
32 31        0.795523673
32 82         0.91761745
33 47         1.13381563
33 16         1.18489359
33 17        0.961103417
33 40        0.884880557
34 30        0.911130132
34 48        0.947195132
34 12        0.983754945
34 11         1.06665996
35 44        0.794255477
35 53        0.980777907
35 50        0.976849654
36 86          1.1365895
36 37         1.00688331
36 41         0.85152606
36 87        0.949299923
36 23        0.817623293
36 18        0.959173641
37 86        0.731230732
37 36         1.00688331
37 41        0.819329841
37 72        0.872791101
38 05        0.914906153
38 01        0.865619695
38 26        0.721502192
38 69         1.11330659
39 25           0.795551
39 70         0.99158158
39 21         1.15834362
39 01        0.719922544
39 71         1.15765578
40 33        0.884880557
40 64        0.709602903
41 36         0.85152606
41 37        0.819329841
41 28        0.773351898
41 45        0.962432711
41 18         1.19744944
42 07         1.00961254
42 43        0.698589137
42 69        0.497357587
42 71        0.991997637
42 63         1.02442713
42 03          1.1819102
43 07        0.724230427
43 30         1.19434146
43 48        0.683283073
43 69          1.1172428
43 42        0.698589137
43 63        0.895259427
43 15         1.13980887
44 85        0.786469442
44 49         1.11795882
44 35        0.794255477
45 41        0.962432711
45 78        0.917653825
45 28         1.08412172
45 77        0.927651771
45 75        0.938129487
45 18         0.85867956
46 24        0.988815278
46 47         1.17321839
46 82        0.628290115
46 81         1.00866108
46 19        0.781660911
46 15         1.14586037
46 12         1.12673499
47 24        0.788536991
47 33         1.13381563
47 32        0.675034766
47 82        0.868579101
47 46         1.17321839
48 07        0.955374065
48 30        0.858497838
48 43        0.683283073
48 34        0.947195132
48 15        0.987264249
48 12        0.854450587
49 85         1.02589667
49 79        0.869666429
49 44         1.11795882
49 72        0.991362886
49 53        0.761965645
50 53         1.15094546
50 14        0.966313408
50 35        0.976849654
51 55         1.14352672
51 10        0.649482118
51 08        0.778384249
51 02        0.913983071
52 88         1.15793144
52 70        0.981221334
52 55        0.894896294
52 54         1.15637995
52 21        0.821560653
52 10         1.08158373
53 49        0.761965645
53 72        0.892846179
53 61         0.91807285
53 50         1.15094546
53 14        0.996402419
53 35        0.980777907
54 88        0.631213315
54 70         1.14983499
54 57         0.55759338
54 55        0.806507006
54 52         1.15637995
55 54        0.806507006
55 52        0.894896294
55 51         1.14352672
55 08        0.968988142
56 22        0.596462185
57 88        0.886927189
57 67        0.962845419
57 54         0.55759338
58 89        0.727193621
58 71         1.14021898
58 03        0.788521999
58 18         1.01445513
59 02        0.951622842
59 80         1.05898453
59 62        0.924573581
60 02         1.14437208
60 78        0.736448691
60 80        0.567686345
60 77        0.933665229
60 75        0.562355528
60 62          1.0895935
61 72        0.635267691
61 53         0.91807285
61 27        0.997561282
61 14        0.684101053
62 80        0.533748397
62 60          1.0895935
62 59        0.924573581
63 43        0.895259427
63 42         1.02442713
63 23         1.17945284
63 03        0.669339277
63 15        0.822891502
64 65        0.940247428
64 40        0.709602903
65 32        0.701715527
65 64        0.940247428
65 31         1.05636965
66 09         1.06552875
66 11        0.515054151
67 68        0.858223786
67 57        0.962845419
68 25         1.14533564
68 88        0.955037685
68 70         1.20666293
68 67        0.858223786
69 38         1.11330659
69 01        0.743735737
69 07         1.13884778
69 43          1.1172428
69 42        0.497357587
69 71        0.780079022
70 25        0.549403222
70 88        0.627640254
70 68         1.20666293
70 54         1.14983499
70 52        0.981221334
70 39         0.99158158
71 21        0.813537213
71 39         1.15765578
71 01        0.972868786
71 69        0.780079022
71 42        0.991997637
71 58         1.14021898
72 37        0.872791101
72 49        0.991362886
72 61        0.635267691
72 53        0.892846179
75 78        0.365148589
75 28         1.13112788
75 80         1.11706191
75 77        0.574892363
75 60        0.562355528
75 45        0.938129487
76 27        0.541843199
77 89         1.00747428
77 02         1.12319553
77 78        0.902364771
77 75        0.574892363
77 60        0.933665229
77 45        0.927651771
78 27         1.10016054
78 28        0.779985141
78 80         1.20110338
78 77        0.902364771
78 75        0.365148589
78 60        0.736448691
78 45        0.917653825
79 16        0.986947658
79 17        0.853717709
79 86        0.777363805
79 85        0.987720793
79 49        0.869666429
80 78         1.20110338
80 75         1.11706191
80 62        0.533748397
80 60        0.567686345
80 59         1.05898453
81 31          1.0785133
81 82        0.932966801
81 09         1.08907742
81 46         1.00866108
81 12        0.712940316
81 11        0.726192412
82 24         1.15375445
82 47        0.868579101
82 32         0.91761745
82 31        0.734661829
82 09         1.18563544
82 81        0.932966801
82 46        0.628290115
83 04        0.664660335
83 13         1.16271115
84 04         1.07223301
84 13        0.475034037
84 26        0.666203739
84 07         1.05840414
84 30        0.997236184
85 17         1.08851888
85 79        0.987720793
85 49         1.02589667
85 44        0.786469442
86 16        0.884303112
86 79        0.777363805
86 36          1.1365895
86 37        0.731230732
86 87         1.02617971
87 24        0.929471422
87 16         1.04633412
87 86         1.02617971
87 36        0.949299923
87 19        0.836598235
87 23        0.808124945
88 25         1.03057739
88 70        0.627640254
88 68        0.955037685
88 57        0.886927189
88 54        0.631213315
88 52         1.15793144
89 10         0.75698505
89 58        0.727193621
89 77         1.00747428
